time_begin_fenics = 2026-04-04 07:35:50.134074
all_HP_step = 39
time_end_fenics = 2026-04-04 08:01:32.384519
time_begin_fenics = 2026-04-04 09:14:53.495220
all_HP_step = 38
time_end_fenics = 2026-04-04 09:37:23.519985
